1900 2
1901 3
1902 3
1903 4
1904 6
1905 8
1906 3
1907 4
1908 4
1909 2
1910 3
1911 3
1912 1
1913 6
1914 2
1915 3
1916 3
1917 8
1918 9
1919 8
1920 7
1921 3
1922 1
1923 7
1924 3
1925 11
1926 11
1927 4
1928 12
1929 8
1930 5
1931 5
1932 3
1933 5
1934 3
1935 2
1936 5
1937 9
1938 3
1939 6
1940 4
1941 3
1942 5
1943 7
1944 40
1945 124
1946 146
1947 95
1948 135
1949 94
1950 77
1951 62
1952 97
1953 89
1954 56
1955 80
1956 85
1957 82
1958 70
1959 56
1960 69
1961 52
1962 110
1963 105
1964 87
1965 89
1966 88
1967 73
1968 83
1969 248
1970 229
1971 222
1972 176
1973 156
1974 135
1975 122
1976 117
1977 131
1978 116
1979 103
1980 95
1981 73
1982 70
1983 98
1984 94
1985 123
1986 111
1987 116
1988 100
1989 131
1990 168
1991 139
1992 180
1993 149
1994 214
1995 169
1996 141
1997 177
1998 165
1999 220
2000 227
2001 206
2002 281
2003 341
2004 363
2005 674
2006 619
2007 672
2008 402
