1900 1540000
1901 1460000
1902 1650000
1903 1670000
1904 1680000
1905 1600000
1906 1730000
1907 1900000
1908 1890000
1909 1970000
1910 2030000
1911 2080000
1912 2070000
1913 2200000
1914 2170000
1915 2150000
1916 2100000
1917 2030000
1918 1980000
1919 2220000
1920 2100000
1921 2100000
1922 2290000
1923 2180000
1924 2080000
1925 2250000
1926 2360000
1927 2520000
1928 2550000
1929 2590000
1930 2450000
1931 2590000
1932 2390000
1933 2340000
1934 2530000
1935 2540000
1936 2680000
1937 2480000
1938 2390000
1939 2490000
1940 2780000
1941 2910000
1942 2510000
1943 2400000
1944 2290000
1945 2220000
1946 2350000
1947 2370000
1948 2640000
1949 2840000
1950 2800000
1951 2740000
1952 2950000
1953 2970000
1954 2900000
1955 3200000
1956 3310000
1957 3470000
1958 3440000
1959 3340000
1960 3780000
1961 3820000
1962 3750000
1963 3730000
1964 3810000
1965 3690000
1966 3650000
1967 3770000
1968 4040000
1969 3890000
1970 3820000
1971 3950000
1972 4050000
1973 4090000
1974 3980000
1975 3720000
1976 3820000
1977 3880000
1978 4230000
1979 4510000
1980 4490000
1981 4790000
1982 4630000
1983 4760000
1984 5190000
1985 5640000
1986 6180000
1987 4830000
1988 4940000
1989 5130000
1990 5360000
1991 6550000
1992 6770000
1993 6740000
1994 6660000
1995 6380000
1996 6600000
1997 6630000
1998 7240000
1999 8000000
2000 8250000
2001 8290000
2002 9680000
2003 13800000
2004 17300000
2005 21500000
2006 23100000
2007 27000000
2008 77900000
