1900 10
1901 6
1902 2
1903 0
1904 5
1905 2
1906 5
1907 0
1908 7
1909 7
1910 3
1911 1
1912 2
1913 7
1914 5
1915 8
1916 7
1917 5
1918 1
1919 0
1920 3
1921 1
1922 3
1923 3
1924 4
1925 3
1926 2
1927 1
1928 3
1929 2
1930 5
1931 0
1932 4
1933 4
1934 3
1935 5
1936 3
1937 2
1938 0
1939 1
1940 1
1941 0
1942 1
1943 4
1944 1
1945 1
1946 2
1947 1
1948 3
1949 1
1950 0
1951 1
1952 3
1953 0
1954 2
1955 4
1956 4
1957 3
1958 1
1959 1
1960 4
1961 3
1962 3
1963 2
1964 1
1965 3
1966 7
1967 1
1968 5
1969 0
1970 2
1971 9
1972 5
1973 12
1974 9
1975 12
1976 6
1977 7
1978 11
1979 27
1980 18
1981 12
1982 17
1983 13
1984 24
1985 10
1986 15
1987 18
1988 24
1989 111
1990 47
1991 45
1992 51
1993 30
1994 36
1995 23
1996 16
1997 56
1998 22
1999 50
2000 63
2001 19
2002 80
2003 46
2004 55
2005 48
2006 64
2007 118
2008 115
