1900 1
1901 0
1902 5
1903 1
1904 0
1905 2
1906 0
1907 0
1908 1
1909 0
1910 1
1911 0
1912 1
1913 0
1914 0
1915 0
1916 0
1917 0
1918 1
1919 0
1920 0
1921 0
1922 2
1923 0
1924 0
1925 0
1926 0
1927 0
1928 0
1929 0
1930 1
1931 2
1932 1
1933 0
1934 0
1935 0
1936 1
1937 2
1938 0
1939 1
1940 0
1941 2
1942 1
1943 2
1944 0
1945 1
1946 1
1947 0
1948 0
1949 4
1950 1
1951 0
1952 0
1953 2
1954 1
1955 0
1956 1
1957 2
1958 1
1959 1
1960 0
1961 2
1962 5
1963 31
1964 18
1965 3
1966 1
1967 15
1968 1
1969 0
1970 5
1971 1
1972 5
1973 6
1974 25
1975 28
1976 20
1977 33
1978 76
1979 645
1980 1510
1981 2230
1982 2430
1983 3860
1984 5150
1985 3620
1986 4210
1987 3990
1988 4700
1989 5590
1990 5830
1991 2520
1992 2100
1993 1600
1994 1050
1995 889
1996 939
1997 1100
1998 925
1999 1190
2000 1310
2001 1480
2002 1870
2003 1890
2004 1790
2005 2570
2006 2300
2007 2760
2008 2040
