1900 15800
1901 13100
1902 13800
1903 14100
1904 14100
1905 14400
1906 14800
1907 15000
1908 15400
1909 15500
1910 15600
1911 15800
1912 15800
1913 16000
1914 15900
1915 15700
1916 15500
1917 15600
1918 15500
1919 15600
1920 16600
1921 17700
1922 17700
1923 17600
1924 18200
1925 19000
1926 19300
1927 18400
1928 20300
1929 19100
1930 19300
1931 19300
1932 20100
1933 20500
1934 20000
1935 23100
1936 24800
1937 26800
1938 27500
1939 29700
1940 30600
1941 27500
1942 28000
1943 22800
1944 20900
1945 23500
1946 26800
1947 37400
1948 28300
1949 32200
1950 43700
1951 44800
1952 54500
1953 53000
1954 48000
1955 40100
1956 42000
1957 48100
1958 52800
1959 64600
1960 77200
1961 84500
1962 101000
1963 113000
1964 120000
1965 104000
1966 79000
1967 63400
1968 60200
1969 59500
1970 55800
1971 65900
1972 53400
1973 50700
1974 52600
1975 53600
1976 51200
1977 50400
1978 51600
1979 53500
1980 53300
1981 55300
1982 49900
1983 56400
1984 58900
1985 61300
1986 62800
1987 63200
1988 66400
1989 71000
1990 75300
1991 76800
1992 80400
1993 86200
1994 95000
1995 95500
1996 102000
1997 106000
1998 118000
1999 120000
2000 133000
2001 140000
2002 145000
2003 150000
2004 154000
2005 156000
2006 160000
2007 160000
2008 146000
