1900 NA
1901 NA
1902 NA
1903 NA
1904 NA
1905 NA
1906 NA
1907 NA
1908 NA
1909 NA
1910 NA
1911 NA
1912 NA
1913 NA
1914 NA
1915 NA
1916 NA
1917 NA
1918 NA
1919 NA
1920 NA
1921 NA
1922 NA
1923 NA
1924 NA
1925 NA
1926 NA
1927 NA
1928 NA
1929 NA
1930 NA
1931 NA
1932 NA
1933 NA
1934 NA
1935 NA
1936 NA
1937 NA
1938 NA
1939 NA
1940 NA
1941 NA
1942 NA
1943 NA
1944 NA
1945 NA
1946 NA
1947 NA
1948 NA
1949 NA
1950 NA
1951 NA
1952 NA
1953 NA
1954 NA
1955 NA
1956 NA
1957 NA
1958 NA
1959 NA
1960 NA
1961 NA
1962 NA
1963 NA
1964 NA
1965 NA
1966 NA
1967 NA
1968 NA
1969 NA
1970 19000
1971 13000
1972 11500
1973 9500
1974 8000
1975 7000
1976 5500
1977 6000
1978 4000
1979 6500
1980 4000
1981 3000
1982 2500
1983 NA
1984 2000
1985 NA
1986 1500
1987 NA
1988 1800
1989 NA
1990 1800
1991 NA
1992 1600
1993 NA
1994 1900
1995 NA
1996 1600
1997 NA
1998 1600
1999 NA
2000 1500
2001 NA
2002 1600
2003 NA
2004 1400
2005 NA
2006 NA
2007 NA
2008 NA
