1900 NA
1901 NA
1902 NA
1903 NA
1904 NA
1905 NA
1906 NA
1907 NA
1908 NA
1909 NA
1910 NA
1911 NA
1912 NA
1913 NA
1914 NA
1915 NA
1916 NA
1917 NA
1918 NA
1919 NA
1920 NA
1921 NA
1922 NA
1923 NA
1924 NA
1925 NA
1926 NA
1927 NA
1928 NA
1929 NA
1930 NA
1931 NA
1932 NA
1933 NA
1934 NA
1935 NA
1936 NA
1937 NA
1938 NA
1939 NA
1940 NA
1941 NA
1942 NA
1943 NA
1944 NA
1945 NA
1946 NA
1947 NA
1948 NA
1949 NA
1950 NA
1951 NA
1952 NA
1953 NA
1954 NA
1955 NA
1956 NA
1957 NA
1958 NA
1959 NA
1960 NA
1961 NA
1962 NA
1963 NA
1964 NA
1965 NA
1966 NA
1967 NA
1968 NA
1969 NA
1970 NA
1971 NA
1972 NA
1973 NA
1974 NA
1975 NA
1976 NA
1977 NA
1978 4.61
1979 4.67
1980 4.76
1981 4.77
1982 4.82
1983 4.87
1984 4.84
1985 4.84
1986 4.88
1987 4.86
1988 4.86
1989 4.97
1990 4.95
1991 4.93
1992 4.94
1993 4.93
1994 4.85
1995 4.9
1996 4.91
1997 4.86
1998 4.87
1999 4.91
2000 4.92
2001 4.95
2002 5.04
2003 5.03
2004 4.99
2005 4.99
2006 5.01
2007 5.04
2008 5.11
